111111111111111111
100000000000000001
102000000000000001
100000000000000001
100000000000000001
100000000000000001
10000000W000000001
100000000000000001
100000000000000001
100000000000002001
100000000000000001
100000000000000001
111111111111111111

111111111111111111
100000000000000001
102001      100001
100000000000000001
100000000000000001
100000111111100001
10000000W000000001
100000111111100001
100000000000000001
100001      102001
100000000000000001
100000000000000001
111111111111111111


111111      111111
100001      100001
102001      100001
100001      100001
100001      100001
100000111111100001
10000000W000000001
100000111111100001
100001      100001
100001      102001
100001      100001
100001      100001
111111      111111


      1
     101
    10001   
   1000001    1
  100000001  101
 10000N0000110001
100000000000000001
111111111111111111


1111  1111
111    111
10      01
10  11  01
10  11  01
100200N001
10  11  01
10  11  01
10      01
111    111
1111  1111

000000111111111111111111
000000100000000000000001
      102000000000000001
      100000000000000001
      100000000000002001
      100000000000000001
      10000000W000000001
      100000000000000001
      102000000000000001
      100000000000002001
      100000000000000001
      100000000000000001
      111111111111111111


1111111111111111111111111111111
1000000000002000000000010020001
1000000000000000000000010000001
1000000000000000000000010000001
1000200000000000000000010000001
1000000000000000000000010000001
1000000000000000000000000000001
1000000000000001111111111111111
1000000000000001
1000200000000001
1000000000000001
1000000000000001                      111111111111111111111111
10000000000000011111111111111111111111100000000000000000000001
10000000000000000000000000000000000000000200000000000000000001
10000020000000000000000111111111111111100000000000000000020001
111111111111111111111111              100000000000000000000001
                                      100000000000000000000001
                                      100002000000000000000001
                                      100000000000000000000001
                                      100000000111111000000001
                                      1000000001    1000000001
                                      1000000001    1000000001
                                      1000000001    1000000001
                                      1111111111    100000000111111111111
                                                    1111110000000000000w1
                                                         1101111111111111
                                                         1111

